0 0.054549999999999994 0.3964307228915663 0.029099999999999994 0.0699698795180723
0 0.00799 0.40341867469879517 0.01598 0.08394578313253014
0 0.12828 0.4067018072289157 0.024560000000000002 0.06039156626506027
0 0.09301000000000001 0.41012048192771083 0.030020000000000012 0.06722891566265059
0 0.17792 0.4109487951807229 0.03183999999999997 0.08093373493975906
0 0.51239 0.465316265060241 0.07277999999999997 0.18364457831325307
0 0.38921 0.4736746987951807 0.08641999999999996 0.18228915662650602
0 0.26893 0.49134036144578314 0.12186000000000001 0.26581325301204817
0 0.59803 0.5021536144578314 0.08005999999999995 0.18503012048192774
0 0.6904 0.5214759036144578 0.09279999999999995 0.29596385542168674
0 0.94869 0.5415963855421687 0.10138000000000011 0.2699397590361446
0 0.82655 0.5409186746987952 0.1330999999999999 0.32882530120481934