1 0.12581 0.3160632183908046 0.08362 0.17235632183908042
1 0.46525 0.3273706896551724 0.0745 0.14899425287356322
0 0.64379 0.34468390804597704 0.06357999999999993 0.16063218390804598
0 0.83714 0.3470258620689655 0.08627999999999997 0.14232758620689656
0 0.63542 0.3475574712643678 0.07083999999999992 0.16063218390804598
0 0.59394 0.3903879310344827 0.07188000000000011 0.13709770114942527
1 0.36957 0.40079022988505747 0.07913999999999999 0.14640804597701146
1 0.7536799999999999 0.4079741379310345 0.1073599999999999 0.1607758620689655
0 0.94714 0.45017241379310347 0.07827999999999997 0.13597701149425284
1 0.3958 0.5165373563218391 0.10360000000000003 0.1422701149425287
1 0.17517000000000002 0.5539942528735632 0.08634000000000003 0.1827011494252873
0 0.66415 0.610330459770115 0.07629999999999995 0.15169540229885065
1 0.293 0.9382183908045977 0.062 0.1235632183908046
0 0.54367 0.19423850574712642 0.08733999999999997 0.12410919540229884
0 0.70478 0.2747126436781609 0.07355999999999994 0.15287356321839077