1 0.24278846153846154 0.3329326923076923 0.4855769230769231 0.6658653846153846
1 0.8822115384615384 0.14543269230769232 0.23076923076923078 0.29086538461538464
1 0.5432692307692307 0.20552884615384615 0.11057692307692307 0.4110576923076923
1 0.46274038461538464 0.7007211538461539 0.04567307692307692 0.06490384615384616
1 0.43028846153846156 0.7043269230769231 0.08173076923076923 0.07211538461538461
1 0.38822115384615385 0.7103365384615384 0.0889423076923077 0.08413461538461539
1 0.3449519230769231 0.7223557692307693 0.07932692307692307 0.10817307692307693
1 0.234375 0.7259615384615384 0.09375 0.11538461538461539
1 0.15985576923076922 0.7463942307692307 0.0889423076923077 0.13701923076923078
1 0.013221153846153846 0.7728365384615384 0.026442307692307692 0.11778846153846154
1 0.03245192307692308 0.7548076923076923 0.06490384615384616 0.1201923076923077