1 0.9411057692307693 0.23918269230769232 0.11298076923076923 0.47836538461538464
1 0.8990384615384616 0.21394230769230768 0.1971153846153846 0.42788461538461536
1 0.8185096153846154 0.203125 0.25240384615384615 0.40625
1 0.6971153846153846 0.19230769230769232 0.2644230769230769 0.38461538461538464
1 0.5985576923076923 0.18629807692307693 0.20192307692307693 0.37259615384615385
1 0.5240384615384616 0.1814903846153846 0.1875 0.3629807692307692
1 0.43990384615384615 0.17307692307692307 0.1778846153846154 0.34615384615384615
1 0.39903846153846156 0.15504807692307693 0.10096153846153846 0.31009615384615385
1 0.37259615384615385 0.15745192307692307 0.04807692307692308 0.31490384615384615
1 0.17307692307692307 0.5997596153846154 0.15865384615384615 0.12259615384615384
1 0.8557692307692307 0.7800480769230769 0.28365384615384615 0.3293269230769231
1 0.5757211538461539 0.8269230769230769 0.33413461538461536 0.34134615384615385