1 0.25240384615384615 0.0673076923076923 0.11057692307692307 0.1346153846153846
1 0.4170673076923077 0.054086538461538464 0.11298076923076923 0.10817307692307693
1 0.5024038461538461 0.1045673076923077 0.08653846153846154 0.2091346153846154
1 0.9891826923076923 0.234375 0.016826923076923076 0.12740384615384615
1 0.9543269230769231 0.23557692307692307 0.052884615384615384 0.11538461538461539
1 0.9110576923076923 0.23557692307692307 0.052884615384615384 0.125
1 0.8629807692307693 0.24519230769230768 0.04326923076923077 0.1346153846153846
1 0.7524038461538461 0.23557692307692307 0.0625 0.1201923076923077
1 0.6730769230769231 0.24759615384615385 0.057692307692307696 0.125
1 0.5564903846153846 0.22956730769230768 0.016826923076923076 0.11298076923076923
1 0.4254807692307692 0.7127403846153846 0.20192307692307693 0.5456730769230769