1 0.23317307692307693 0.31009615384615385 0.16346153846153846 0.25
1 0.3942307692307692 0.33533653846153844 0.125 0.20432692307692307
1 0.5120192307692307 0.3870192307692308 0.12980769230769232 0.2932692307692308
1 0.7920673076923077 0.3233173076923077 0.18028846153846154 0.36778846153846156
1 0.4795673076923077 0.8461538461538461 0.19471153846153846 0.30288461538461536
1 0.39663461538461536 0.8581730769230769 0.20192307692307693 0.27884615384615385
1 0.28725961538461536 0.8497596153846154 0.20432692307692307 0.2956730769230769
1 0.16947115384615385 0.8221153846153846 0.21394230769230768 0.35096153846153844
1 0.07451923076923077 0.84375 0.14903846153846154 0.3076923076923077
1 0.03365384615384615 0.84375 0.0673076923076923 0.3076923076923077
1 0.8305288461538461 0.90625 0.33413461538461536 0.18269230769230768