1 0.4987980769230769 0.12860576923076922 0.055288461538461536 0.25721153846153844
1 0.43149038461538464 0.13701923076923078 0.15144230769230768 0.27403846153846156
1 0.32091346153846156 0.1201923076923077 0.15144230769230768 0.2403846153846154
1 0.22596153846153846 0.15745192307692307 0.16346153846153846 0.29086538461538464
1 0.125 0.3088942307692308 0.21634615384615385 0.59375
1 0.039663461538461536 0.17548076923076922 0.07932692307692307 0.33653846153846156
1 0.42427884615384615 0.6502403846153846 0.13221153846153846 0.08413461538461539
1 0.23197115384615385 0.640625 0.12259615384615384 0.06490384615384616
1 0.09134615384615384 0.6394230769230769 0.08653846153846154 0.0625
1 0.042067307692307696 0.671875 0.08413461538461539 0.12740384615384615
1 0.7632211538461539 0.8028846153846154 0.46875 0.3894230769230769