1 0.03125 0.15504807692307693 0.0625 0.31009615384615385
1 0.984375 0.35216346153846156 0.026442307692307692 0.1466346153846154
1 0.9194711538461539 0.23197115384615385 0.08413461538461539 0.1466346153846154
1 0.9675480769230769 0.17307692307692307 0.06009615384615385 0.09615384615384616
1 0.8149038461538461 0.2512019230769231 0.11057692307692307 0.15144230769230768
1 0.71875 0.24278846153846154 0.10576923076923077 0.15865384615384615
1 0.6057692307692307 0.24519230769230768 0.11538461538461539 0.16346153846153846
1 0.6899038461538461 0.051682692307692304 0.09615384615384616 0.10336538461538461
1 0.8329326923076923 0.04807692307692308 0.0985576923076923 0.09615384615384616
1 0.3004807692307692 0.7391826923076923 0.2644230769230769 0.24278846153846154
1 0.7572115384615384 0.9254807692307693 0.4375 0.14423076923076922
1 0.625 0.84375 0.17307692307692307 0.3076923076923077