1 0.03125 0.16706730769230768 0.0625 0.12740384615384615
1 0.38822115384615385 0.390625 0.25240384615384615 0.27163461538461536
1 0.9603365384615384 0.4110576923076923 0.07451923076923077 0.23076923076923078
1 0.6971153846153846 0.4519230769230769 0.10096153846153846 0.14903846153846154
1 0.7728365384615384 0.42788461538461536 0.09375 0.15865384615384615
1 0.5961538461538461 0.44350961538461536 0.10096153846153846 0.14182692307692307
1 0.6358173076923077 0.41586538461538464 0.05048076923076923 0.09134615384615384
1 0.19110576923076922 0.7632211538461539 0.38221153846153844 0.46875
1 0.9014423076923077 0.7067307692307693 0.19230769230769232 0.3557692307692308
1 0.8161057692307693 0.7115384615384616 0.24759615384615385 0.36538461538461536
1 0.6237980769230769 0.7608173076923077 0.17067307692307693 0.3629807692307692
1 0.5564903846153846 0.7920673076923077 0.036057692307692304 0.2668269230769231