1 0.04447115384615385 0.2704326923076923 0.0889423076923077 0.2764423076923077
1 0.32572115384615385 0.43990384615384615 0.16105769230769232 0.07211538461538461
1 0.8942307692307693 0.4567307692307692 0.10096153846153846 0.038461538461538464
1 0.9146634615384616 0.3605769230769231 0.09375 0.14423076923076922
1 0.9495192307692307 0.18870192307692307 0.08653846153846154 0.11778846153846154
1 0.7932692307692307 0.375 0.09134615384615384 0.14903846153846154
1 0.8449519230769231 0.3233173076923077 0.06971153846153846 0.09375
1 0.6850961538461539 0.3762019230769231 0.1201923076923077 0.15625
1 0.5889423076923077 0.35336538461538464 0.11538461538461539 0.16346153846153846
1 0.47716346153846156 0.33653846153846156 0.12740384615384615 0.16346153846153846
1 0.5600961538461539 0.13581730769230768 0.10096153846153846 0.14182692307692307
1 0.703125 0.15745192307692307 0.10336538461538461 0.12740384615384615
1 0.6262019230769231 0.5805288461538461 0.1466346153846154 0.20432692307692307
1 0.7908653846153846 0.5757211538461539 0.14423076923076922 0.19471153846153846
1 0.9014423076923077 0.6334134615384616 0.19230769230769232 0.31009615384615385