1 0.22716346153846154 0.039663461538461536 0.11778846153846154 0.07932692307692307
1 0.057692307692307696 0.11538461538461539 0.11538461538461539 0.21634615384615385
1 0.38221153846153844 0.36658653846153844 0.0673076923076923 0.23317307692307693
1 0.4338942307692308 0.39663461538461536 0.12259615384615384 0.25
1 0.5012019230769231 0.32091346153846156 0.12740384615384615 0.21875
1 0.5745192307692307 0.28725961538461536 0.1346153846153846 0.2283653846153846
1 0.65625 0.3004807692307692 0.11538461538461539 0.22115384615384615
1 0.7103365384615384 0.3389423076923077 0.12259615384615384 0.22115384615384615
1 0.8870192307692307 0.2692307692307692 0.14423076923076922 0.24519230769230768
1 0.78125 0.3004807692307692 0.11057692307692307 0.22115384615384615
1 0.9663461538461539 0.23197115384615385 0.0625 0.2764423076923077
1 0.9459134615384616 0.7271634615384616 0.10336538461538461 0.28125
1 0.7848557692307693 0.7848557692307693 0.13701923076923078 0.24278846153846154
1 0.3786057692307692 0.7884615384615384 0.06009615384615385 0.40865384615384615
1 0.5829326923076923 0.7415865384615384 0.2860576923076923 0.34375
1 0.8677884615384616 0.8533653846153846 0.08653846153846154 0.16826923076923078
1 0.4495192307692308 0.7764423076923077 0.20192307692307693 0.41346153846153844