1 0.04807692307692308 0.33533653846153844 0.09615384615384616 0.20432692307692307
1 0.46033653846153844 0.42788461538461536 0.15144230769230768 0.19230769230769232
1 0.5 0.40024038461538464 0.07211538461538461 0.12740384615384615
1 0.9350961538461539 0.49399038461538464 0.125 0.30528846153846156
1 0.7740384615384616 0.4026442307692308 0.09134615384615384 0.16105769230769232
1 0.7043269230769231 0.3954326923076923 0.10576923076923077 0.17548076923076922
1 0.5600961538461539 0.5372596153846154 0.04326923076923077 0.21875
1 0.13341346153846154 0.8233173076923077 0.2668269230769231 0.3485576923076923
1 0.38100961538461536 0.8233173076923077 0.2668269230769231 0.3485576923076923
1 0.49278846153846156 0.8233173076923077 0.08653846153846154 0.3485576923076923
1 0.8317307692307693 0.8365384615384616 0.3317307692307692 0.32211538461538464