1 0.2764423076923077 0.45552884615384615 0.2403846153846154 0.16105769230769232
1 0.9194711538461539 0.44711538461538464 0.09375 0.1778846153846154
1 0.8521634615384616 0.43149038461538464 0.0889423076923077 0.2091346153846154
1 0.7920673076923077 0.42908653846153844 0.06971153846153846 0.21394230769230768
1 0.7319711538461539 0.421875 0.08413461538461539 0.2283653846153846
1 0.6598557692307693 0.4375 0.0889423076923077 0.1971153846153846
1 0.5913461538461539 0.4362980769230769 0.07692307692307693 0.19951923076923078
1 0.5144230769230769 0.484375 0.0673076923076923 0.10336538461538461
1 0.44711538461538464 0.45072115384615385 0.08173076923076923 0.17067307692307693
1 0.4074519230769231 0.36538461538461536 0.016826923076923076 0.1346153846153846
1 0.5048076923076923 0.3870192307692308 0.07211538461538461 0.08653846153846154
1 0.6802884615384616 0.7884615384615384 0.5625 0.4182692307692308