1 0.34975961538461536 0.31490384615384615 0.07451923076923077 0.15865384615384615
1 0.25600961538461536 0.30528846153846156 0.12740384615384615 0.16826923076923078
1 0.16346153846153846 0.2704326923076923 0.125 0.17548076923076922
1 0.06009615384615385 0.24158653846153846 0.1201923076923077 0.18028846153846154
1 0.15745192307692307 0.06370192307692307 0.11298076923076923 0.12740384615384615
1 0.29927884615384615 0.09134615384615384 0.11298076923076923 0.13942307692307693
1 0.8545673076923077 0.34375 0.2860576923076923 0.6875
1 0.2512019230769231 0.9483173076923077 0.18509615384615385 0.0985576923076923
1 0.2920673076923077 0.9519230769230769 0.10817307692307693 0.09134615384615384
1 0.8341346153846154 0.7524038461538461 0.27884615384615385 0.125
1 0.47115384615384615 0.7403846153846154 0.16346153846153846 0.10096153846153846