1 0.31009615384615385 0.08052884615384616 0.1971153846153846 0.16105769230769232
1 0.22596153846153846 0.054086538461538464 0.09615384615384616 0.10817307692307693
1 0.17067307692307693 0.052884615384615384 0.1778846153846154 0.10576923076923077
1 0.8846153846153846 0.36658653846153844 0.22596153846153846 0.4206730769230769
1 0.7439903846153846 0.24519230769230768 0.12740384615384615 0.22596153846153846
1 0.47475961538461536 0.15625 0.06971153846153846 0.16346153846153846
1 0.5444711538461539 0.15625 0.08413461538461539 0.14903846153846154
1 0.44591346153846156 0.08653846153846154 0.01201923076923077 0.09134615384615384
1 0.296875 0.8737980769230769 0.28125 0.24759615384615385
1 0.1201923076923077 0.9050480769230769 0.2403846153846154 0.18509615384615385
1 0.9242788461538461 0.7884615384615384 0.1466346153846154 0.4182692307692308
1 0.8870192307692307 0.7439903846153846 0.22115384615384615 0.3293269230769231
1 0.7920673076923077 0.7091346153846154 0.2283653846153846 0.25961538461538464
1 0.6959134615384616 0.6730769230769231 0.23798076923076922 0.1875
1 0.59375 0.6466346153846154 0.18269230769230768 0.1346153846153846
1 0.5252403846153846 0.6237980769230769 0.1658653846153846 0.0889423076923077