1 0.7091346153846154 0.3545673076923077 0.03365384615384615 0.38221153846153844
1 0.6778846153846154 0.3245192307692308 0.09615384615384616 0.3942307692307692
1 0.6490384615384616 0.29927884615384615 0.125 0.35336538461538464
1 0.5901442307692307 0.2848557692307692 0.14182692307692307 0.3581730769230769
1 0.515625 0.2920673076923077 0.13701923076923078 0.31971153846153844
1 0.45072115384615385 0.27283653846153844 0.12259615384615384 0.2956730769230769
1 0.36538461538461536 0.31490384615384615 0.09615384615384616 0.19230769230769232
1 0.2980769230769231 0.30288461538461536 0.12980769230769232 0.3125
1 0.20673076923076922 0.2932692307692308 0.16346153846153846 0.375
1 0.07211538461538461 0.2644230769230769 0.14423076923076922 0.4519230769230769
1 0.026442307692307692 0.22355769230769232 0.052884615384615384 0.3894230769230769
1 0.1141826923076923 0.23798076923076922 0.12259615384615384 0.32211538461538464
1 0.15865384615384615 0.25 0.08173076923076923 0.3076923076923077
1 0.2608173076923077 0.14783653846153846 0.07451923076923077 0.13701923076923078
1 0.3762019230769231 0.17548076923076922 0.08413461538461539 0.09134615384615384
1 0.96875 0.15384615384615385 0.057692307692307696 0.15384615384615385
1 0.8533653846153846 0.037259615384615384 0.18269230769230768 0.07451923076923077
1 0.7403846153846154 0.2848557692307692 0.02403846153846154 0.10336538461538461
1 0.43028846153846156 0.7259615384615384 0.5817307692307693 0.33653846153846156
1 0.8894230769230769 0.7872596153846154 0.21634615384615385 0.41586538461538464