1 0.6622596153846154 0.37259615384615385 0.12259615384615384 0.15865384615384615
1 0.5540865384615384 0.3329326923076923 0.10336538461538461 0.1466346153846154
1 0.5192307692307693 0.5144230769230769 0.125 0.15384615384615385
1 0.37259615384615385 0.47475961538461536 0.11057692307692307 0.16105769230769232
1 0.6009615384615384 0.17908653846153846 0.10096153846153846 0.12259615384615384
1 0.43028846153846156 0.32572115384615385 0.10576923076923077 0.16105769230769232
1 0.5072115384615384 0.15745192307692307 0.09615384615384616 0.13221153846153846
1 0.30649038461538464 0.328125 0.10336538461538461 0.16105769230769232
1 0.3701923076923077 0.2824519230769231 0.07692307692307693 0.10336538461538461
1 0.203125 0.32091346153846156 0.13221153846153846 0.17548076923076922
1 0.11298076923076923 0.2920673076923077 0.12980769230769232 0.18028846153846154
1 0.038461538461538464 0.2644230769230769 0.07692307692307693 0.1875
1 0.13822115384615385 0.07692307692307693 0.11298076923076923 0.15384615384615385
1 0.27524038461538464 0.10817307692307693 0.11298076923076923 0.14423076923076922
1 0.9170673076923077 0.4182692307692308 0.16105769230769232 0.3557692307692308
1 0.7824519230769231 0.37259615384615385 0.10817307692307693 0.32211538461538464
1 0.6165865384615384 0.7980769230769231 0.21875 0.39903846153846156