1 0.04807692307692308 0.15384615384615385 0.09615384615384616 0.3076923076923077
1 0.24519230769230768 0.21634615384615385 0.125 0.21634615384615385
1 0.3125 0.1875 0.08173076923076923 0.1971153846153846
1 0.3762019230769231 0.24158653846153846 0.07932692307692307 0.1466346153846154
1 0.4050480769230769 0.2439903846153846 0.021634615384615384 0.11298076923076923
1 0.06610576923076923 0.20793269230769232 0.13221153846153846 0.3004807692307692
1 0.13581730769230768 0.1971153846153846 0.12259615384615384 0.25
1 0.6887019230769231 0.28365384615384615 0.5408653846153846 0.5673076923076923
1 0.0673076923076923 0.6911057692307693 0.1346153846153846 0.23798076923076922
1 0.3125 0.671875 0.15865384615384615 0.20432692307692307
1 0.18509615384615385 0.6923076923076923 0.16826923076923078 0.24519230769230768
1 0.6310096153846154 0.71875 0.4254807692307692 0.2980769230769231