1 0.20192307692307693 0.18389423076923078 0.40384615384615385 0.36778846153846156
1 0.6947115384615384 0.08173076923076923 0.3701923076923077 0.16346153846153846
1 0.4110576923076923 0.8509615384615384 0.1201923076923077 0.14903846153846154
1 0.29927884615384615 0.8076923076923077 0.0985576923076923 0.13942307692307693
1 0.27403846153846156 0.9579326923076923 0.125 0.07932692307692307
1 0.12740384615384615 0.9350961538461539 0.11057692307692307 0.125
1 0.33774038461538464 0.6598557692307693 0.0985576923076923 0.11298076923076923
1 0.17668269230769232 0.8016826923076923 0.10336538461538461 0.15144230769230768
1 0.2439903846153846 0.6358173076923077 0.09375 0.12259615384615384
1 0.05048076923076923 0.8052884615384616 0.10096153846153846 0.15384615384615385
1 0.1141826923076923 0.7608173076923077 0.07451923076923077 0.0985576923076923
1 0.03125 0.6045673076923077 0.0625 0.09375