1 0.5408653846153846 0.14302884615384615 0.09134615384615384 0.2860576923076923
1 0.5132211538461539 0.0985576923076923 0.12259615384615384 0.1971153846153846
1 0.4735576923076923 0.0625 0.09615384615384616 0.125
1 0.31971153846153844 0.25841346153846156 0.2692307692307692 0.5168269230769231
1 0.09615384615384616 0.25841346153846156 0.19230769230769232 0.5168269230769231
1 0.12860576923076922 0.16706730769230768 0.1658653846153846 0.33413461538461536
1 0.16706730769230768 0.14302884615384615 0.12740384615384615 0.2860576923076923
1 0.2127403846153846 0.08533653846153846 0.09375 0.17067307692307693
1 0.7932692307692307 0.25841346153846156 0.40865384615384615 0.5168269230769231
1 0.43028846153846156 0.6911057692307693 0.3125 0.34375
1 0.18269230769230768 0.6814903846153846 0.2980769230769231 0.3245192307692308
1 0.056490384615384616 0.7524038461538461 0.11298076923076923 0.46634615384615385