1 0.9651442307692307 0.2644230769230769 0.06490384615384616 0.40384615384615385
1 0.90625 0.2956730769230769 0.12980769230769232 0.34134615384615385
1 0.8016826923076923 0.2692307692307692 0.0889423076923077 0.3942307692307692
1 0.6862980769230769 0.59375 0.12259615384615384 0.25
1 0.578125 0.5600961538461539 0.12740384615384615 0.18269230769230768
1 0.4735576923076923 0.578125 0.13942307692307693 0.21875
1 0.3545673076923077 0.7163461538461539 0.1658653846153846 0.4951923076923077
1 0.24759615384615385 0.5661057692307693 0.12980769230769232 0.19471153846153846
1 0.1466346153846154 0.5480769230769231 0.1346153846153846 0.15865384615384615
1 0.055288461538461536 0.5192307692307693 0.11057692307692307 0.10096153846153846
1 0.8737980769230769 0.8076923076923077 0.24759615384615385 0.3798076923076923