1 0.07932692307692307 0.22716346153846154 0.15865384615384615 0.3581730769230769
1 0.2439903846153846 0.2860576923076923 0.31971153846153844 0.2403846153846154
1 0.39783653846153844 0.28846153846153844 0.2860576923076923 0.23557692307692307
1 0.7295673076923077 0.203125 0.34375 0.40625
1 0.8786057692307693 0.2439903846153846 0.23798076923076922 0.3245192307692308
1 0.5228365384615384 0.6983173076923077 0.06490384615384616 0.5793269230769231
1 0.47475961538461536 0.6586538461538461 0.16105769230769232 0.5
1 0.4230769230769231 0.6165865384615384 0.2644230769230769 0.41586538461538464
1 0.32211538461538464 0.5841346153846154 0.20673076923076922 0.35096153846153844
1 0.2536057692307692 0.5576923076923077 0.18990384615384615 0.2980769230769231
1 0.17908653846153846 0.5276442307692307 0.18028846153846154 0.23798076923076922
1 0.1201923076923077 0.49278846153846156 0.14903846153846154 0.16826923076923078
1 0.07692307692307693 0.48197115384615385 0.13942307692307693 0.1466346153846154
1 0.8004807692307693 0.7019230769230769 0.36538461538461536 0.5865384615384616