1 0.09014423076923077 0.13341346153846154 0.18028846153846154 0.2668269230769231
1 0.3786057692307692 0.13341346153846154 0.27163461538461536 0.2668269230769231
1 0.21995192307692307 0.13341346153846154 0.20432692307692307 0.2668269230769231
1 0.7211538461538461 0.15745192307692307 0.04326923076923077 0.21875
1 0.7632211538461539 0.1201923076923077 0.12259615384615384 0.21634615384615385
1 0.8413461538461539 0.11177884615384616 0.12980769230769232 0.22355769230769232
1 0.9158653846153846 0.14903846153846154 0.11057692307692307 0.21634615384615385
1 0.9471153846153846 0.1814903846153846 0.10096153846153846 0.17067307692307693
1 0.32572115384615385 0.7379807692307693 0.6514423076923077 0.5192307692307693
1 0.9387019230769231 0.6983173076923077 0.11778846153846154 0.5745192307692307
1 0.796875 0.6526442307692307 0.19471153846153846 0.6177884615384616
1 0.8762019230769231 0.5252403846153846 0.1658653846153846 0.36778846153846156
1 0.9182692307692307 0.5216346153846154 0.125 0.3173076923076923
1 0.9639423076923077 0.47716346153846156 0.0673076923076923 0.2091346153846154