1 0.84375 0.22596153846153846 0.11538461538461539 0.14903846153846154
1 0.7235576923076923 0.21875 0.09615384615384616 0.13942307692307693
1 0.7716346153846154 0.35216346153846156 0.1201923076923077 0.05048076923076923
1 0.6177884615384616 0.3545673076923077 0.10576923076923077 0.04567307692307692
1 0.6995192307692307 0.06610576923076923 0.09615384615384616 0.11298076923076923
1 0.6045673076923077 0.2536057692307692 0.0985576923076923 0.15144230769230768
1 0.6009615384615384 0.07451923076923077 0.09134615384615384 0.125
1 0.4879807692307692 0.2956730769230769 0.09615384615384616 0.15384615384615385
1 0.5288461538461539 0.23197115384615385 0.07211538461538461 0.0985576923076923
1 0.3954326923076923 0.3076923076923077 0.11298076923076923 0.13942307692307693
1 0.3762019230769231 0.10096153846153846 0.07451923076923077 0.1346153846153846