1 0.0889423076923077 0.10817307692307693 0.1778846153846154 0.21634615384615385
1 0.9194711538461539 0.10697115384615384 0.15625 0.21394230769230768
1 0.8245192307692307 0.11778846153846154 0.19230769230769232 0.23557692307692307
1 0.7151442307692307 0.1045673076923077 0.18509615384615385 0.2091346153846154
1 0.6322115384615384 0.140625 0.1971153846153846 0.28125
1 0.5612980769230769 0.26322115384615385 0.29086538461538464 0.5264423076923077
1 0.4098557692307692 0.1658653846153846 0.19951923076923078 0.3317307692307692
1 0.3137019230769231 0.16706730769230768 0.18990384615384615 0.33413461538461536
1 0.25721153846153844 0.15384615384615385 0.07692307692307693 0.3076923076923077
1 0.09975961538461539 0.7608173076923077 0.19951923076923078 0.4639423076923077
1 0.6021634615384616 0.8978365384615384 0.4543269230769231 0.19951923076923078