1 0.14 0.7506666666666667 0.072 0.152
1 0.953 0.7653333333333333 0.09 0.21866666666666668
1 0.897 0.7213333333333334 0.038 0.16266666666666665
1 0.859 0.72 0.058 0.15466666666666667
1 0.822 0.6493333333333333 0.032 0.04533333333333334
1 0.782 0.6746666666666666 0.04 0.042666666666666665
1 0.736 0.7626666666666667 0.096 0.14933333333333335
1 0.667 0.7533333333333333 0.034 0.168
1 0.587 0.7573333333333333 0.118 0.18666666666666668
1 0.519 0.74 0.054 0.16266666666666665
1 0.459 0.7373333333333333 0.066 0.17866666666666667
1 0.372 0.7586666666666667 0.068 0.18933333333333333
1 0.282 0.7186666666666667 0.072 0.10933333333333334